Device: Iphone 6S
Type: Originial
Luminance
2   2   2   3   4   5   6   7 
2   2   2   3   4   5   6   7 
2   2   3   4   5   6   7   9 
3   2   4   5   6   7   9  10 
4   4   5   6   7   9  10  12 
5   5   6   7   9  10  12  12 
6   6   7   9  10  12  12  12 
7   7   9  10  12  12  12  12
Chrominance
2   2   3   5  12  12  12  12 
2   3   3   8  12  12  12  12 
3   3   7  12  12  12  12  12 
5   8  12  12  12  12  12  12 
12  12  12  12  12  12  12  12 
12  12  12  12  12  12  12  12 
12  12  12  12  12  12  12  12 
12  12  12  12  12  12  12  12 

Type: WhatsApp (V.2.19.121)
Luminance
8   6   5   8  12  20  26  31 
6   6   7  10  13  29  30  28 
7   7   8  12  20  29  35  28 
7   9  11  15  26  44  40  31 
9  11  19  28  34  55  52  39 
12  18  28  32  41  52  57  46 
25  32  39  44  52  61  60  51 
36  46  48  49  56  50  52  50
Chrominance
9   9  12  24  50  50  50  50 
9  11  13  33  50  50  50  50 
12  13  28  50  50  50  50  50 
24  33  50  50  50  50  50  50 
50  50  50  50  50  50  50  50 
50  50  50  50  50  50  50  50 
50  50  50  50  50  50  50  50 
50  50  50  50  50  50  50  50

-----------------------------------------

Device: Samsung Galaxy A5 (2017) - Device 1
Type: Original
Luminance
1   1   1   1   2   3   4   5 
1   1   1   2   2   5   5   4 
1   1   1   2   3   5   6   4 
1   1   2   2   4   7   6   5 
1   2   3   4   5   9   8   6 
2   3   4   5   6   8   9   7 
4   5   6   7   8  10  10   8 
6   7   8   8   9   8   8   8 
Chrominance
1   1   2   4   8   8   8   8 
1   2   2   5   8   8   8   8 
2   2   4   8   8   8   8   8 
4   5   8   8   8   8   8   8 
8   8   8   8   8   8   8   8 
8   8   8   8   8   8   8   8 
8   8   8   8   8   8   8   8 
8   8   8   8   8   8   8   8

Type: WhatsApp (V.2.19.360)
Luminance
6   6   6   7  10  15  22  34 
6   7   8  11  14  16  21  30 
6   8  10  12  17  25  36  54 
7  11  12  16  21  30  42  62 
10  14  17  21  28  38  52  76 
15  16  25  30  38  50  68  95 
22  21  36  42  52  68  90 124
34  30  54  62  76  95 124 167
Chrominance
6   6   6   7  10  15  22  34 
6   7   8  11  14  16  21  30 
6   8  10  12  17  25  36  54 
7  11  12  16  21  30  42  62 
10  14  17  21  28  38  52  76 
15  16  25  30  38  50  68  95 
22  21  36  42  52  68  90 124 
34  30  54  62  76  95 124 167 

-----------------------------------------

Device: Samsung Galaxy A5 (2017) - Device 2
Type: Original
Luminance
1   1   1   1   2   3   4   5 
1   1   1   2   2   5   5   4 
1   1   1   2   3   5   6   4 
1   1   2   2   4   7   6   5 
1   2   3   4   5   9   8   6 
2   3   4   5   6   8   9   7 
4   5   6   7   8  10  10   8 
6   7   8   8   9   8   8   8
Chrominance
1   1   2   4   8   8   8   8 
1   2   2   5   8   8   8   8 
2   2   4   8   8   8   8   8 
4   5   8   8   8   8   8   8 
8   8   8   8   8   8   8   8 
8   8   8   8   8   8   8   8 
8   8   8   8   8   8   8   8
8   8   8   8   8   8   8   8

Type: WhatsApp (V.2.19.360)
Luminance
6   6   6   7  10  15  22  34 
6   7   8  11  14  16  21  30 
6   8  10  12  17  25  36  54 
7  11  12  16  21  30  42  62 
10  14  17  21  28  38  52  76 
15  16  25  30  38  50  68  95 
22  21  36  42  52  68  90 124 
34  30  54  62  76  95 124 167 
Chrominance
6   6   6   7  10  15  22  34 
6   7   8  11  14  16  21  30 
6   8  10  12  17  25  36  54 
7  11  12  16  21  30  42  62 
10  14  17  21  28  38  52  76 
15  16  25  30  38  50  68  95 
22  21  36  42  52  68  90 124 
34  30  54  62  76  95 124 167 

-----------------------------------------

Device: Laptop - ASUS Vivobook X556UQ
Luminance
3   2   2   3   5   8  10  12 
2   2   3   4   5  12  12  11 
3   3   3   5   8  11  14  11 
3   3   4   6  10  17  16  12 
4   4   7  11  14  22  21  15 
5   7  11  13  16  21  23  18 
10  13  16  17  21  24  24  20 
14  18  19  20  22  20  21  20 
Chrominance
3   4   5   9  20  20  20  20 
4   4   5  13  20  20  20  20 
5   5  11  20  20  20  20  20 
9  13  20  20  20  20  20  20 
20  20  20  20  20  20  20  20 
20  20  20  20  20  20  20  20 
20  20  20  20  20  20  20  20 
20  20  20  20  20  20  20  20 









